1276140,검정 목도리,2017-01-22,기타,열차 - KTX (321열차 4호차 )
1276141,보조배터리 + 충전기,2017-01-22,기타,열차 -무궁화호 (1203열차 5호차 )
1276142,회색캐리어,2017-01-22,기타,열차 - KTX (124열차 )
1276143,자주색 반무테 안경,2017-01-22,기타,열차 - KTX (1203열차 )
1276144,검은 가방,2017-01-22,가방,열차 - KTX (453열차 10호차 )
1276145,검정백빽,2017-01-22,기타,열차 -새마을호 (1004열차 )
1276146,검정색백팩,2017-01-22,기타,열차 -전동차
1276147,4-남색배낭(어린이옷 여러벌),2017-01-22,옷,열차 -전동차 (3114열차 )
1276148,배낭가방,2017-01-22,베낭,열차 - KTX (232열차 11호차 )
1276149,갈색가죽지갑,2017-01-22,지갑,역 - 맞이방
1276151,흰색 아이폰,2017-01-22,핸드폰,열차 -무궁화호 (1201열차 1호차 )
1276152,파란 비닐봉지,2017-01-22,기타,열차 -전동차
1276153,검정가방,2017-01-22,가방,열차 -전동차
1276154,휴대폰,2017-01-22,핸드폰,열차 - KTX (317열차 05호차 )
1276155,백팩,2017-01-22,기타,열차 - KTX (231열차 16호차 )
1276156,노트북가방,2017-01-22,핸드폰,열차 -무궁화호 (1282열차 )
1277022,검정색MORGAN상표 목도리,2017-01-22,기타,열차 - KTX (371열차 17호차 )
1277023,검정비닐봉지,2017-01-22,기타,열차 -전동차 (1144열차 )
1277024,부엉이그림 백팩,2017-01-22,기타,열차 - KTX (371열차 17호차 )
1277025,검정색 천가방,2017-01-22,가방,열차 -무궁화호 (1219열차 8호차 )
1277026,검정가방,2017-01-22,가방,열차 -기타 (2058열차 2호차 )
1277027,아메리칸 투어리스터 회색가방,2017-01-22,가방,열차 - KTX (369열차 3호차 )
1276217,검정가방,2017-01-22,가방,열차 -전동차
1276218,휴대폰,2017-01-22,핸드폰,열차 - KTX (317열차 05호차 )
1276219,백팩,2017-01-22,기타,열차 - KTX (231열차 16호차 )
1277137,비닐가방,2017-01-22,가방,열차 -무궁화호 (1221열차 6호차 )
1277138,안경,2017-01-22,기타,열차 - KTX (169열차 11호차 )
1277139,검정색 Kantukan 천장갑,2017-01-22,기타,열차 - KTX (371열차 17호차 )
1277141,검정색 Kantukan 천장갑,2017-01-22,기타,열차 - KTX (371열차 17호차 )
1277142,검정색MORGAN상표 목도리,2017-01-22,기타,열차 - KTX (371열차 17호차 )
1277143,검정비닐봉지,2017-01-22,기타,열차 -전동차 (1144열차 )
1277144,부엉이그림 백팩,2017-01-22,기타,열차 - KTX (371열차 17호차 )
1277145,검정색 천가방,2017-01-22,가방,열차 -무궁화호 (1219열차 8호차 )
1277146,검정가방,2017-01-22,가방,열차 -기타 (2058열차 2호차 )
1277147,아메리칸 투어리스터 회색가방,2017-01-22,가방,열차 - KTX (369열차 3호차 )
1277148,아이폰충전줄,2017-01-22,핸드폰,열차 - KTX (238열차 18호차 )
1277149,갈색종이쇼핑백,2017-01-22,쇼핑백,열차 -전동차 (1144열차 )
1277150,"한의원쇼핑백(양말,바지,충전기)",2017-01-22,쇼핑백,열차 -전동차 (713열차 )
1277152,밤색가방,2017-01-22,가방,역 - 기타
1277153,흰색비닐쇼핑백,2017-01-22,쇼핑백,열차 - KTX (4042열차 16호차 )
1277154,쇼핑백(jaju),2017-01-22,쇼핑백,열차 - KTX (162열차 )
1277155,수건,2017-01-22,기타,열차 - KTX (585열차 8호차 )
1277156,신발,2017-01-22,기타,열차 - KTX (585열차 8호차 )
1277157,검정지갑,2017-01-22,지갑,열차 -무궁화호 (1410열차 )
1276199,선물세트,2017-01-22,기타,열차 -새마을호 (1104열차 4호차 )
1276200,가죽장갑,2017-01-22,기타,열차 - KTX (457열차 7호차 )
1276201,목도리,2017-01-22,기타,열차 - KTX (123열차 )
1276202,lg휴대폰지갑,2017-01-22,핸드폰,열차 -무궁화호 (1631열차 )
1276203,LG휴대폰,2017-01-22,핸드폰,열차 -새마을호 (1041열차 4호차호차 )
1276204,자주색 폴더폰,2017-01-22,기타,역 - 화장실
1276206,검정 목도리,2017-01-22,기타,열차 - KTX (321열차 4호차 )
1276207,보조배터리 + 충전기,2017-01-22,기타,열차 -무궁화호 (1203열차 5호차 )
1276208,자주색 반무테 안경,2017-01-22,기타,열차 - KTX (1203열차 )
1276209,검은 가방,2017-01-22,가방,열차 - KTX (453열차 10호차 )
1276210,검정백빽,2017-01-22,기타,열차 -새마을호 (1004열차 )
1276211,검정색백팩,2017-01-22,기타,열차 -전동차
1276212,4-남색배낭(어린이옷 여러벌),2017-01-22,옷,열차 -전동차 (3114열차 )
1276213,갈색가죽지갑,2017-01-22,지갑,역 - 맞이방
1276214,흰색 아이폰,2017-01-22,핸드폰,열차 -무궁화호 (1201열차 1호차 )
1276215,파란 비닐봉지,2017-01-22,기타,열차 -전동차
1276186,쇼핑백,2017-01-22,쇼핑백,열차 -전동차 (4590열차 )
1276187,가방,2017-01-22,가방,열차 - KTX (4043열차 18호차 )
1276188,목도리,2017-01-22,기타,열차 - KTX (458열차 8호차 )
1276189,지갑,2017-01-22,지갑,열차 - KTX (18열차 )
1276190,쇼핑백,2017-01-22,쇼핑백,열차 - KTX (115열차 12호차 )
1276191,호도파이,2017-01-22,기타,열차 -무궁화호 (1603열차 )
1276192,(128)회색백팩,2017-01-22,기타,열차 -전동차
1276193,액자,2017-01-22,기타,열차 -전동차 (651열차 2-3호차 )
1276195,액자,2017-01-22,기타,열차 -전동차 (651열차 2-3호차 )
1276196,갈색쇼핑백,2017-01-22,쇼핑백,열차 -전동차 (641열차 )
1276197,박스,2017-01-22,기타,열차 - KTX (458열차 11호차 )
1276198,사과 선물상자,2017-01-22,기타,열차 - KTX (543열차 11호차 )
1276178,책 : 해지펀드 시장의 마법사들,2017-01-22,책,열차-누리로 (1502열차 1호차 )
1276179,잔스포츠배낭가방,2017-01-22,베낭,열차 - KTX (574열차 10호차 )
1276180,목도리,2017-01-22,기타,열차 -전동차 (4596열차 )
1276181,"목도리, 초콜렛",2017-01-22,기타,열차 - KTX (327열차 4호차 )
1276182,지갑,2017-01-22,지갑,열차 - KTX (132열차 )
1276184,노란색케이스 휴대폰,2017-01-22,핸드폰,역 - 화장실
1276185,열쇠,2017-01-22,기타,열차 -새마을호 (1151열차 3호차 )
1277133,휴대폰,2017-01-22,핸드폰,역 - 맞이방
1277134,ibk기업은행,2017-01-22,기타,역 - 맞이방
1277135,흰색쇼핑백,2017-01-22,쇼핑백,열차 - KTX (169열차 )
1277136,노란색 목도리,2017-01-22,기타,열차 -무궁화호 (1221열차 5호차 )
1276157,보조배터리,2017-01-22,기타,열차 - KTX (115열차 10호차 )
1276158,카드지갑,2017-01-22,지갑,열차 -무궁화호 (1776열차 )
1276159,쇼핑백,2017-01-22,쇼핑백,열차 - KTX (407열차 11호차 )
1275851,휴대폰(본체+보조배터리),2017-01-22,핸드폰,열차 -무궁화호 (1624열차 )
1275852,삼성갤럭시 7,2017-01-22,핸드폰,열차 -전동차
1275854,갈색지갑 ,2017-01-22,지갑,열차 - KTX (701열차 )
1275855,줄무늬가방,2017-01-22,가방,역 - 플랫폼
1275856,휴대폰,2017-01-22,핸드폰,역 - 기타
1275857,장갑 1쪽,2017-01-22,기타,열차 -무궁화호 (1551열차 )
1275858,지갑,2017-01-22,지갑,역 - 기타
1275859,백팩,2017-01-22,기타,열차 -무궁화호 (1308열차 2호차 )
1275860,노트북,2017-01-22,핸드폰,역 - 기타
1275861,쇼핑백,2017-01-22,쇼핑백,열차 - KTX (501열차 12호차 )
1275862,패트병,2017-01-22,기타,열차 - KTX (724열차 )
1275863,검정 파일철,2017-01-22,파일,역 - 맞이방
1275865,삼성갤3,2017-01-22,기타,역 - 기타
1275866,안경,2017-01-22,기타,열차 -무궁화호 (1204열차 )
1275867,갈색테 안경,2017-01-22,기타,열차 -새마을호 (1013열차 2호차 )
1275868,휴대폰,2017-01-22,핸드폰,열차 -무궁화호 (1795열차 1호차 )